Meltpond index,Latitude,Longtitude,b08 (NIR),b04 (red),b03 (green),b02 (blue),Depth [m],Depth sd [m],NIR le,Red le,Green le,Blue le,NIR ri,Red ri,Green ri,Blue ri,NIR up,Red up,Green up,Blue up,NIR do,Red do,Green do,Blue do,NIR up le,Red up le,Green up le,Blue up le,NIR up ri,Red up ri,Green up ri,Blue up ri,NIR do le,Red do le,Green do le,Blue do le,NIR do ri,Red do ri,Green do ri,Blue do ri,Sentinel Time,IceSat Time
2.0,82.2801474959738,-58.49537329650634,5296.0,7168.0,8752.0,9128.0,-0.8491624951914029,0.2291249343521647,2238.0,4496.0,7068.0,8032.0,7440.0,8816.0,9376.0,9664.0,3312.0,5548.0,7484.0,8116.0,1684.0,3714.0,5676.0,6324.0,1601.0,3996.0,6736.0,7896.0,6372.0,7624.0,8744.0,9296.0,1906.0,3820.0,5820.0,6380.0,1565.0,3502.0,5488.0,6180.0,2019-06-22 19:49:09,2019-06-22 20:22:51
2.0,82.2801474959738,-58.49537329650634,5296.0,7168.0,8752.0,9128.0,-0.914273465244466,0.2274045468854196,2238.0,4496.0,7068.0,8032.0,7440.0,8816.0,9376.0,9664.0,3312.0,5548.0,7484.0,8116.0,1684.0,3714.0,5676.0,6324.0,1601.0,3996.0,6736.0,7896.0,6372.0,7624.0,8744.0,9296.0,1906.0,3820.0,5820.0,6380.0,1565.0,3502.0,5488.0,6180.0,2019-06-22 19:49:09,2019-06-22 20:22:51
2.0,82.2801474959738,-58.49537329650634,5296.0,7168.0,8752.0,9128.0,-0.979384435297529,0.2256841594186744,2238.0,4496.0,7068.0,8032.0,7440.0,8816.0,9376.0,9664.0,3312.0,5548.0,7484.0,8116.0,1684.0,3714.0,5676.0,6324.0,1601.0,3996.0,6736.0,7896.0,6372.0,7624.0,8744.0,9296.0,1906.0,3820.0,5820.0,6380.0,1565.0,3502.0,5488.0,6180.0,2019-06-22 19:49:09,2019-06-22 20:22:51
2.0,82.2801474959738,-58.49537329650634,5296.0,7168.0,8752.0,9128.0,-0.8819961421131377,0.2357253441862654,2238.0,4496.0,7068.0,8032.0,7440.0,8816.0,9376.0,9664.0,3312.0,5548.0,7484.0,8116.0,1684.0,3714.0,5676.0,6324.0,1601.0,3996.0,6736.0,7896.0,6372.0,7624.0,8744.0,9296.0,1906.0,3820.0,5820.0,6380.0,1565.0,3502.0,5488.0,6180.0,2019-06-22 19:49:09,2019-06-22 20:22:51
2.0,82.2801474959738,-58.49537329650634,5296.0,7168.0,8752.0,9128.0,-0.7846078489287465,0.2457665289538564,2238.0,4496.0,7068.0,8032.0,7440.0,8816.0,9376.0,9664.0,3312.0,5548.0,7484.0,8116.0,1684.0,3714.0,5676.0,6324.0,1601.0,3996.0,6736.0,7896.0,6372.0,7624.0,8744.0,9296.0,1906.0,3820.0,5820.0,6380.0,1565.0,3502.0,5488.0,6180.0,2019-06-22 19:49:09,2019-06-22 20:22:51
2.0,82.2801474959738,-58.49537329650634,5296.0,7168.0,8752.0,9128.0,-0.6803896006644923,0.2274721188695519,2238.0,4496.0,7068.0,8032.0,7440.0,8816.0,9376.0,9664.0,3312.0,5548.0,7484.0,8116.0,1684.0,3714.0,5676.0,6324.0,1601.0,3996.0,6736.0,7896.0,6372.0,7624.0,8744.0,9296.0,1906.0,3820.0,5820.0,6380.0,1565.0,3502.0,5488.0,6180.0,2019-06-22 19:49:09,2019-06-22 20:22:51
2.0,82.2801474959738,-58.49537329650634,5296.0,7168.0,8752.0,9128.0,-0.576171352400238,0.2091777087852475,2238.0,4496.0,7068.0,8032.0,7440.0,8816.0,9376.0,9664.0,3312.0,5548.0,7484.0,8116.0,1684.0,3714.0,5676.0,6324.0,1601.0,3996.0,6736.0,7896.0,6372.0,7624.0,8744.0,9296.0,1906.0,3820.0,5820.0,6380.0,1565.0,3502.0,5488.0,6180.0,2019-06-22 19:49:09,2019-06-22 20:22:51
2.0,82.2801474959738,-58.49537329650634,5296.0,7168.0,8752.0,9128.0,-0.5856628653230525,0.2150990706605398,2238.0,4496.0,7068.0,8032.0,7440.0,8816.0,9376.0,9664.0,3312.0,5548.0,7484.0,8116.0,1684.0,3714.0,5676.0,6324.0,1601.0,3996.0,6736.0,7896.0,6372.0,7624.0,8744.0,9296.0,1906.0,3820.0,5820.0,6380.0,1565.0,3502.0,5488.0,6180.0,2019-06-22 19:49:09,2019-06-22 20:22:51
2.0,82.2801474959738,-58.49537329650634,5296.0,7168.0,8752.0,9128.0,-0.5951543782458668,0.221020432535832,2238.0,4496.0,7068.0,8032.0,7440.0,8816.0,9376.0,9664.0,3312.0,5548.0,7484.0,8116.0,1684.0,3714.0,5676.0,6324.0,1601.0,3996.0,6736.0,7896.0,6372.0,7624.0,8744.0,9296.0,1906.0,3820.0,5820.0,6380.0,1565.0,3502.0,5488.0,6180.0,2019-06-22 19:49:09,2019-06-22 20:22:51
2.0,82.2801474959738,-58.49537329650634,5296.0,7168.0,8752.0,9128.0,-0.5382853242768988,0.2394198814453188,2238.0,4496.0,7068.0,8032.0,7440.0,8816.0,9376.0,9664.0,3312.0,5548.0,7484.0,8116.0,1684.0,3714.0,5676.0,6324.0,1601.0,3996.0,6736.0,7896.0,6372.0,7624.0,8744.0,9296.0,1906.0,3820.0,5820.0,6380.0,1565.0,3502.0,5488.0,6180.0,2019-06-22 19:49:09,2019-06-22 20:22:51
2.0,82.28015446735292,-58.49603804248935,2238.0,4496.0,7068.0,8032.0,-0.4814162703079309,0.2578193303548057,1458.0,3304.0,6200.0,7284.0,5296.0,7168.0,8752.0,9128.0,1601.0,3996.0,6736.0,7896.0,1906.0,3820.0,5820.0,6380.0,1414.0,3410.0,6128.0,7148.0,3312.0,5548.0,7484.0,8116.0,2568.0,4232.0,6068.0,6420.0,1684.0,3714.0,5676.0,6324.0,2019-06-22 19:49:09,2019-06-22 20:22:51
2.0,82.28015446735292,-58.49603804248935,2238.0,4496.0,7068.0,8032.0,-0.478423162204301,0.2621006180241687,1458.0,3304.0,6200.0,7284.0,5296.0,7168.0,8752.0,9128.0,1601.0,3996.0,6736.0,7896.0,1906.0,3820.0,5820.0,6380.0,1414.0,3410.0,6128.0,7148.0,3312.0,5548.0,7484.0,8116.0,2568.0,4232.0,6068.0,6420.0,1684.0,3714.0,5676.0,6324.0,2019-06-22 19:49:09,2019-06-22 20:22:51
2.0,82.28015446735292,-58.49603804248935,2238.0,4496.0,7068.0,8032.0,-0.4754300541006712,0.2663819056935316,1458.0,3304.0,6200.0,7284.0,5296.0,7168.0,8752.0,9128.0,1601.0,3996.0,6736.0,7896.0,1906.0,3820.0,5820.0,6380.0,1414.0,3410.0,6128.0,7148.0,3312.0,5548.0,7484.0,8116.0,2568.0,4232.0,6068.0,6420.0,1684.0,3714.0,5676.0,6324.0,2019-06-22 19:49:09,2019-06-22 20:22:51
2.0,82.28015446735292,-58.49603804248935,2238.0,4496.0,7068.0,8032.0,-0.6325277503944404,0.2539783423118276,1458.0,3304.0,6200.0,7284.0,5296.0,7168.0,8752.0,9128.0,1601.0,3996.0,6736.0,7896.0,1906.0,3820.0,5820.0,6380.0,1414.0,3410.0,6128.0,7148.0,3312.0,5548.0,7484.0,8116.0,2568.0,4232.0,6068.0,6420.0,1684.0,3714.0,5676.0,6324.0,2019-06-22 19:49:09,2019-06-22 20:22:51
2.0,82.28015446735292,-58.49603804248935,2238.0,4496.0,7068.0,8032.0,-0.7896254466882096,0.2415747789301235,1458.0,3304.0,6200.0,7284.0,5296.0,7168.0,8752.0,9128.0,1601.0,3996.0,6736.0,7896.0,1906.0,3820.0,5820.0,6380.0,1414.0,3410.0,6128.0,7148.0,3312.0,5548.0,7484.0,8116.0,2568.0,4232.0,6068.0,6420.0,1684.0,3714.0,5676.0,6324.0,2019-06-22 19:49:09,2019-06-22 20:22:51
2.0,82.28015446735292,-58.49603804248935,2238.0,4496.0,7068.0,8032.0,-0.8061031639436969,0.2523978597836561,1458.0,3304.0,6200.0,7284.0,5296.0,7168.0,8752.0,9128.0,1601.0,3996.0,6736.0,7896.0,1906.0,3820.0,5820.0,6380.0,1414.0,3410.0,6128.0,7148.0,3312.0,5548.0,7484.0,8116.0,2568.0,4232.0,6068.0,6420.0,1684.0,3714.0,5676.0,6324.0,2019-06-22 19:49:09,2019-06-22 20:22:51
2.0,82.28015446735292,-58.49603804248935,2238.0,4496.0,7068.0,8032.0,-0.822580881199184,0.2632209406371887,1458.0,3304.0,6200.0,7284.0,5296.0,7168.0,8752.0,9128.0,1601.0,3996.0,6736.0,7896.0,1906.0,3820.0,5820.0,6380.0,1414.0,3410.0,6128.0,7148.0,3312.0,5548.0,7484.0,8116.0,2568.0,4232.0,6068.0,6420.0,1684.0,3714.0,5676.0,6324.0,2019-06-22 19:49:09,2019-06-22 20:22:51
2.0,82.28015446735292,-58.49603804248935,2238.0,4496.0,7068.0,8032.0,-0.8355123320853095,0.2446991498574445,1458.0,3304.0,6200.0,7284.0,5296.0,7168.0,8752.0,9128.0,1601.0,3996.0,6736.0,7896.0,1906.0,3820.0,5820.0,6380.0,1414.0,3410.0,6128.0,7148.0,3312.0,5548.0,7484.0,8116.0,2568.0,4232.0,6068.0,6420.0,1684.0,3714.0,5676.0,6324.0,2019-06-22 19:49:09,2019-06-22 20:22:51
2.0,82.28015446735292,-58.49603804248935,2238.0,4496.0,7068.0,8032.0,-0.8484437829714351,0.2261773590777002,1458.0,3304.0,6200.0,7284.0,5296.0,7168.0,8752.0,9128.0,1601.0,3996.0,6736.0,7896.0,1906.0,3820.0,5820.0,6380.0,1414.0,3410.0,6128.0,7148.0,3312.0,5548.0,7484.0,8116.0,2568.0,4232.0,6068.0,6420.0,1684.0,3714.0,5676.0,6324.0,2019-06-22 19:49:09,2019-06-22 20:22:51
2.0,82.28015446735292,-58.49603804248935,2238.0,4496.0,7068.0,8032.0,-0.8316340439862044,0.2300501765365338,1458.0,3304.0,6200.0,7284.0,5296.0,7168.0,8752.0,9128.0,1601.0,3996.0,6736.0,7896.0,1906.0,3820.0,5820.0,6380.0,1414.0,3410.0,6128.0,7148.0,3312.0,5548.0,7484.0,8116.0,2568.0,4232.0,6068.0,6420.0,1684.0,3714.0,5676.0,6324.0,2019-06-22 19:49:09,2019-06-22 20:22:51
2.0,82.28015446735292,-58.49603804248935,2238.0,4496.0,7068.0,8032.0,-0.8148243050009739,0.2339229939953673,1458.0,3304.0,6200.0,7284.0,5296.0,7168.0,8752.0,9128.0,1601.0,3996.0,6736.0,7896.0,1906.0,3820.0,5820.0,6380.0,1414.0,3410.0,6128.0,7148.0,3312.0,5548.0,7484.0,8116.0,2568.0,4232.0,6068.0,6420.0,1684.0,3714.0,5676.0,6324.0,2019-06-22 19:49:09,2019-06-22 20:22:51
2.0,82.28015446735292,-58.49603804248935,2238.0,4496.0,7068.0,8032.0,-0.8238301461804242,0.2299047314449245,1458.0,3304.0,6200.0,7284.0,5296.0,7168.0,8752.0,9128.0,1601.0,3996.0,6736.0,7896.0,1906.0,3820.0,5820.0,6380.0,1414.0,3410.0,6128.0,7148.0,3312.0,5548.0,7484.0,8116.0,2568.0,4232.0,6068.0,6420.0,1684.0,3714.0,5676.0,6324.0,2019-06-22 19:49:09,2019-06-22 20:22:51
2.0,82.28015446735292,-58.49603804248935,2238.0,4496.0,7068.0,8032.0,-0.8328359873598744,0.2258864688944817,1458.0,3304.0,6200.0,7284.0,5296.0,7168.0,8752.0,9128.0,1601.0,3996.0,6736.0,7896.0,1906.0,3820.0,5820.0,6380.0,1414.0,3410.0,6128.0,7148.0,3312.0,5548.0,7484.0,8116.0,2568.0,4232.0,6068.0,6420.0,1684.0,3714.0,5676.0,6324.0,2019-06-22 19:49:09,2019-06-22 20:22:51
2.0,82.28015446735292,-58.49603804248935,2238.0,4496.0,7068.0,8032.0,-0.8457798603173032,0.2289747924080925,1458.0,3304.0,6200.0,7284.0,5296.0,7168.0,8752.0,9128.0,1601.0,3996.0,6736.0,7896.0,1906.0,3820.0,5820.0,6380.0,1414.0,3410.0,6128.0,7148.0,3312.0,5548.0,7484.0,8116.0,2568.0,4232.0,6068.0,6420.0,1684.0,3714.0,5676.0,6324.0,2019-06-22 19:49:09,2019-06-22 20:22:51
2.0,82.28015446735292,-58.49603804248935,2238.0,4496.0,7068.0,8032.0,-0.8587237332747321,0.2320631159217032,1458.0,3304.0,6200.0,7284.0,5296.0,7168.0,8752.0,9128.0,1601.0,3996.0,6736.0,7896.0,1906.0,3820.0,5820.0,6380.0,1414.0,3410.0,6128.0,7148.0,3312.0,5548.0,7484.0,8116.0,2568.0,4232.0,6068.0,6420.0,1684.0,3714.0,5676.0,6324.0,2019-06-22 19:49:09,2019-06-22 20:22:51
2.0,82.28015446735292,-58.49603804248935,2238.0,4496.0,7068.0,8032.0,-0.8729902751764715,0.2337802590702883,1458.0,3304.0,6200.0,7284.0,5296.0,7168.0,8752.0,9128.0,1601.0,3996.0,6736.0,7896.0,1906.0,3820.0,5820.0,6380.0,1414.0,3410.0,6128.0,7148.0,3312.0,5548.0,7484.0,8116.0,2568.0,4232.0,6068.0,6420.0,1684.0,3714.0,5676.0,6324.0,2019-06-22 19:49:09,2019-06-22 20:22:51
2.0,82.28015446735292,-58.49603804248935,2238.0,4496.0,7068.0,8032.0,-0.8872568170782109,0.2354974022188736,1458.0,3304.0,6200.0,7284.0,5296.0,7168.0,8752.0,9128.0,1601.0,3996.0,6736.0,7896.0,1906.0,3820.0,5820.0,6380.0,1414.0,3410.0,6128.0,7148.0,3312.0,5548.0,7484.0,8116.0,2568.0,4232.0,6068.0,6420.0,1684.0,3714.0,5676.0,6324.0,2019-06-22 19:49:09,2019-06-22 20:22:51
2.0,82.28015446735292,-58.49603804248935,2238.0,4496.0,7068.0,8032.0,-0.9247064895702772,0.2326241273567311,1458.0,3304.0,6200.0,7284.0,5296.0,7168.0,8752.0,9128.0,1601.0,3996.0,6736.0,7896.0,1906.0,3820.0,5820.0,6380.0,1414.0,3410.0,6128.0,7148.0,3312.0,5548.0,7484.0,8116.0,2568.0,4232.0,6068.0,6420.0,1684.0,3714.0,5676.0,6324.0,2019-06-22 19:49:09,2019-06-22 20:22:51
2.0,82.28015446735292,-58.49603804248935,2238.0,4496.0,7068.0,8032.0,-0.9621561620623436,0.2297508524945885,1458.0,3304.0,6200.0,7284.0,5296.0,7168.0,8752.0,9128.0,1601.0,3996.0,6736.0,7896.0,1906.0,3820.0,5820.0,6380.0,1414.0,3410.0,6128.0,7148.0,3312.0,5548.0,7484.0,8116.0,2568.0,4232.0,6068.0,6420.0,1684.0,3714.0,5676.0,6324.0,2019-06-22 19:49:09,2019-06-22 20:22:51
2.0,82.28015446735292,-58.49603804248935,2238.0,4496.0,7068.0,8032.0,-1.0743662492146666,0.2192369231699139,1458.0,3304.0,6200.0,7284.0,5296.0,7168.0,8752.0,9128.0,1601.0,3996.0,6736.0,7896.0,1906.0,3820.0,5820.0,6380.0,1414.0,3410.0,6128.0,7148.0,3312.0,5548.0,7484.0,8116.0,2568.0,4232.0,6068.0,6420.0,1684.0,3714.0,5676.0,6324.0,2019-06-22 19:49:09,2019-06-22 20:22:51
2.0,82.28015446735292,-58.49603804248935,2238.0,4496.0,7068.0,8032.0,-1.18657633636699,0.2087229938452393,1458.0,3304.0,6200.0,7284.0,5296.0,7168.0,8752.0,9128.0,1601.0,3996.0,6736.0,7896.0,1906.0,3820.0,5820.0,6380.0,1414.0,3410.0,6128.0,7148.0,3312.0,5548.0,7484.0,8116.0,2568.0,4232.0,6068.0,6420.0,1684.0,3714.0,5676.0,6324.0,2019-06-22 19:49:09,2019-06-22 20:22:51
2.0,82.28016143770549,-58.49670278967627,1458.0,3304.0,6200.0,7284.0,-1.329322703972367,0.2251783475494762,1288.0,2754.0,5444.0,6592.0,2238.0,4496.0,7068.0,8032.0,1414.0,3410.0,6128.0,7148.0,2568.0,4232.0,6068.0,6420.0,1237.0,2766.0,5472.0,6556.0,1601.0,3996.0,6736.0,7896.0,3664.0,5256.0,6660.0,7324.0,1906.0,3820.0,5820.0,6380.0,2019-06-22 19:49:09,2019-06-22 20:22:51
2.0,82.28016143770549,-58.49670278967627,1458.0,3304.0,6200.0,7284.0,-1.472069071577744,0.241633701253713,1288.0,2754.0,5444.0,6592.0,2238.0,4496.0,7068.0,8032.0,1414.0,3410.0,6128.0,7148.0,2568.0,4232.0,6068.0,6420.0,1237.0,2766.0,5472.0,6556.0,1601.0,3996.0,6736.0,7896.0,3664.0,5256.0,6660.0,7324.0,1906.0,3820.0,5820.0,6380.0,2019-06-22 19:49:09,2019-06-22 20:22:51
2.0,82.28016143770549,-58.49670278967627,1458.0,3304.0,6200.0,7284.0,-1.524587987251019,0.224688257327085,1288.0,2754.0,5444.0,6592.0,2238.0,4496.0,7068.0,8032.0,1414.0,3410.0,6128.0,7148.0,2568.0,4232.0,6068.0,6420.0,1237.0,2766.0,5472.0,6556.0,1601.0,3996.0,6736.0,7896.0,3664.0,5256.0,6660.0,7324.0,1906.0,3820.0,5820.0,6380.0,2019-06-22 19:49:09,2019-06-22 20:22:51
2.0,82.28016143770549,-58.49670278967627,1458.0,3304.0,6200.0,7284.0,-1.577106902924294,0.2077428134004572,1288.0,2754.0,5444.0,6592.0,2238.0,4496.0,7068.0,8032.0,1414.0,3410.0,6128.0,7148.0,2568.0,4232.0,6068.0,6420.0,1237.0,2766.0,5472.0,6556.0,1601.0,3996.0,6736.0,7896.0,3664.0,5256.0,6660.0,7324.0,1906.0,3820.0,5820.0,6380.0,2019-06-22 19:49:09,2019-06-22 20:22:51
2.0,82.28016143770549,-58.49670278967627,1458.0,3304.0,6200.0,7284.0,-1.591890505284957,0.2159687168742446,1288.0,2754.0,5444.0,6592.0,2238.0,4496.0,7068.0,8032.0,1414.0,3410.0,6128.0,7148.0,2568.0,4232.0,6068.0,6420.0,1237.0,2766.0,5472.0,6556.0,1601.0,3996.0,6736.0,7896.0,3664.0,5256.0,6660.0,7324.0,1906.0,3820.0,5820.0,6380.0,2019-06-22 19:49:09,2019-06-22 20:22:51
2.0,82.28016143770549,-58.49670278967627,1458.0,3304.0,6200.0,7284.0,-1.60667410764562,0.2241946203480319,1288.0,2754.0,5444.0,6592.0,2238.0,4496.0,7068.0,8032.0,1414.0,3410.0,6128.0,7148.0,2568.0,4232.0,6068.0,6420.0,1237.0,2766.0,5472.0,6556.0,1601.0,3996.0,6736.0,7896.0,3664.0,5256.0,6660.0,7324.0,1906.0,3820.0,5820.0,6380.0,2019-06-22 19:49:09,2019-06-22 20:22:51
2.0,82.28016143770549,-58.49670278967627,1458.0,3304.0,6200.0,7284.0,-1.6301269670688912,0.2319381519759314,1288.0,2754.0,5444.0,6592.0,2238.0,4496.0,7068.0,8032.0,1414.0,3410.0,6128.0,7148.0,2568.0,4232.0,6068.0,6420.0,1237.0,2766.0,5472.0,6556.0,1601.0,3996.0,6736.0,7896.0,3664.0,5256.0,6660.0,7324.0,1906.0,3820.0,5820.0,6380.0,2019-06-22 19:49:09,2019-06-22 20:22:51
2.0,82.28016143770549,-58.49670278967627,1458.0,3304.0,6200.0,7284.0,-1.6535798264921622,0.239681683603831,1288.0,2754.0,5444.0,6592.0,2238.0,4496.0,7068.0,8032.0,1414.0,3410.0,6128.0,7148.0,2568.0,4232.0,6068.0,6420.0,1237.0,2766.0,5472.0,6556.0,1601.0,3996.0,6736.0,7896.0,3664.0,5256.0,6660.0,7324.0,1906.0,3820.0,5820.0,6380.0,2019-06-22 19:49:09,2019-06-22 20:22:51
2.0,82.28016143770549,-58.49670278967627,1458.0,3304.0,6200.0,7284.0,-1.655084171915563,0.239387519013457,1288.0,2754.0,5444.0,6592.0,2238.0,4496.0,7068.0,8032.0,1414.0,3410.0,6128.0,7148.0,2568.0,4232.0,6068.0,6420.0,1237.0,2766.0,5472.0,6556.0,1601.0,3996.0,6736.0,7896.0,3664.0,5256.0,6660.0,7324.0,1906.0,3820.0,5820.0,6380.0,2019-06-22 19:49:09,2019-06-22 20:22:51
2.0,82.28016143770549,-58.49670278967627,1458.0,3304.0,6200.0,7284.0,-1.6565885173389636,0.2390933544230831,1288.0,2754.0,5444.0,6592.0,2238.0,4496.0,7068.0,8032.0,1414.0,3410.0,6128.0,7148.0,2568.0,4232.0,6068.0,6420.0,1237.0,2766.0,5472.0,6556.0,1601.0,3996.0,6736.0,7896.0,3664.0,5256.0,6660.0,7324.0,1906.0,3820.0,5820.0,6380.0,2019-06-22 19:49:09,2019-06-22 20:22:51
2.0,82.28016143770549,-58.49670278967627,1458.0,3304.0,6200.0,7284.0,-1.529521545183131,0.2321903767530996,1288.0,2754.0,5444.0,6592.0,2238.0,4496.0,7068.0,8032.0,1414.0,3410.0,6128.0,7148.0,2568.0,4232.0,6068.0,6420.0,1237.0,2766.0,5472.0,6556.0,1601.0,3996.0,6736.0,7896.0,3664.0,5256.0,6660.0,7324.0,1906.0,3820.0,5820.0,6380.0,2019-06-22 19:49:09,2019-06-22 20:22:51
2.0,82.28016143770549,-58.49670278967627,1458.0,3304.0,6200.0,7284.0,-1.4024545730272984,0.2252873990831161,1288.0,2754.0,5444.0,6592.0,2238.0,4496.0,7068.0,8032.0,1414.0,3410.0,6128.0,7148.0,2568.0,4232.0,6068.0,6420.0,1237.0,2766.0,5472.0,6556.0,1601.0,3996.0,6736.0,7896.0,3664.0,5256.0,6660.0,7324.0,1906.0,3820.0,5820.0,6380.0,2019-06-22 19:49:09,2019-06-22 20:22:51
2.0,82.28016143770549,-58.49670278967627,1458.0,3304.0,6200.0,7284.0,-1.3580617342729036,0.2211487441527179,1288.0,2754.0,5444.0,6592.0,2238.0,4496.0,7068.0,8032.0,1414.0,3410.0,6128.0,7148.0,2568.0,4232.0,6068.0,6420.0,1237.0,2766.0,5472.0,6556.0,1601.0,3996.0,6736.0,7896.0,3664.0,5256.0,6660.0,7324.0,1906.0,3820.0,5820.0,6380.0,2019-06-22 19:49:09,2019-06-22 20:22:51
2.0,82.28016143770549,-58.49670278967627,1458.0,3304.0,6200.0,7284.0,-1.3136688955185083,0.2170100892223196,1288.0,2754.0,5444.0,6592.0,2238.0,4496.0,7068.0,8032.0,1414.0,3410.0,6128.0,7148.0,2568.0,4232.0,6068.0,6420.0,1237.0,2766.0,5472.0,6556.0,1601.0,3996.0,6736.0,7896.0,3664.0,5256.0,6660.0,7324.0,1906.0,3820.0,5820.0,6380.0,2019-06-22 19:49:09,2019-06-22 20:22:51
2.0,82.28016143770549,-58.49670278967627,1458.0,3304.0,6200.0,7284.0,-1.275392147580258,0.2149195690755556,1288.0,2754.0,5444.0,6592.0,2238.0,4496.0,7068.0,8032.0,1414.0,3410.0,6128.0,7148.0,2568.0,4232.0,6068.0,6420.0,1237.0,2766.0,5472.0,6556.0,1601.0,3996.0,6736.0,7896.0,3664.0,5256.0,6660.0,7324.0,1906.0,3820.0,5820.0,6380.0,2019-06-22 19:49:09,2019-06-22 20:22:51
2.0,82.28016143770549,-58.49670278967627,1458.0,3304.0,6200.0,7284.0,-1.237115399642007,0.2128290489287914,1288.0,2754.0,5444.0,6592.0,2238.0,4496.0,7068.0,8032.0,1414.0,3410.0,6128.0,7148.0,2568.0,4232.0,6068.0,6420.0,1237.0,2766.0,5472.0,6556.0,1601.0,3996.0,6736.0,7896.0,3664.0,5256.0,6660.0,7324.0,1906.0,3820.0,5820.0,6380.0,2019-06-22 19:49:09,2019-06-22 20:22:51
2.0,82.28016143770549,-58.49670278967627,1458.0,3304.0,6200.0,7284.0,-1.136195936057347,0.2218983637990296,1288.0,2754.0,5444.0,6592.0,2238.0,4496.0,7068.0,8032.0,1414.0,3410.0,6128.0,7148.0,2568.0,4232.0,6068.0,6420.0,1237.0,2766.0,5472.0,6556.0,1601.0,3996.0,6736.0,7896.0,3664.0,5256.0,6660.0,7324.0,1906.0,3820.0,5820.0,6380.0,2019-06-22 19:49:09,2019-06-22 20:22:51
2.0,82.28016143770549,-58.49670278967627,1458.0,3304.0,6200.0,7284.0,-1.0352764724726873,0.2309676786692678,1288.0,2754.0,5444.0,6592.0,2238.0,4496.0,7068.0,8032.0,1414.0,3410.0,6128.0,7148.0,2568.0,4232.0,6068.0,6420.0,1237.0,2766.0,5472.0,6556.0,1601.0,3996.0,6736.0,7896.0,3664.0,5256.0,6660.0,7324.0,1906.0,3820.0,5820.0,6380.0,2019-06-22 19:49:09,2019-06-22 20:22:51
2.0,82.28016143770549,-58.49670278967627,1458.0,3304.0,6200.0,7284.0,-1.02617795010613,0.2387583808464888,1288.0,2754.0,5444.0,6592.0,2238.0,4496.0,7068.0,8032.0,1414.0,3410.0,6128.0,7148.0,2568.0,4232.0,6068.0,6420.0,1237.0,2766.0,5472.0,6556.0,1601.0,3996.0,6736.0,7896.0,3664.0,5256.0,6660.0,7324.0,1906.0,3820.0,5820.0,6380.0,2019-06-22 19:49:09,2019-06-22 20:22:51
2.0,82.28016143770549,-58.49670278967627,1458.0,3304.0,6200.0,7284.0,-1.0170794277395725,0.2465490830237097,1288.0,2754.0,5444.0,6592.0,2238.0,4496.0,7068.0,8032.0,1414.0,3410.0,6128.0,7148.0,2568.0,4232.0,6068.0,6420.0,1237.0,2766.0,5472.0,6556.0,1601.0,3996.0,6736.0,7896.0,3664.0,5256.0,6660.0,7324.0,1906.0,3820.0,5820.0,6380.0,2019-06-22 19:49:09,2019-06-22 20:22:51
2.0,82.28016143770549,-58.49670278967627,1458.0,3304.0,6200.0,7284.0,-1.0571129261524252,0.235252172634761,1288.0,2754.0,5444.0,6592.0,2238.0,4496.0,7068.0,8032.0,1414.0,3410.0,6128.0,7148.0,2568.0,4232.0,6068.0,6420.0,1237.0,2766.0,5472.0,6556.0,1601.0,3996.0,6736.0,7896.0,3664.0,5256.0,6660.0,7324.0,1906.0,3820.0,5820.0,6380.0,2019-06-22 19:49:09,2019-06-22 20:22:51
2.0,82.28016840703152,-58.497367538066975,1288.0,2754.0,5444.0,6592.0,-1.097146424565278,0.2239552622458122,1220.0,2680.0,5444.0,6776.0,1458.0,3304.0,6200.0,7284.0,1237.0,2766.0,5472.0,6556.0,3664.0,5256.0,6660.0,7324.0,1240.0,2960.0,5608.0,6708.0,1414.0,3410.0,6128.0,7148.0,6328.0,7444.0,8176.0,8672.0,2568.0,4232.0,6068.0,6420.0,2019-06-22 19:49:09,2019-06-22 20:22:51
2.0,82.28016840703152,-58.497367538066975,1288.0,2754.0,5444.0,6592.0,-1.037390567381273,0.2275302273872147,1220.0,2680.0,5444.0,6776.0,1458.0,3304.0,6200.0,7284.0,1237.0,2766.0,5472.0,6556.0,3664.0,5256.0,6660.0,7324.0,1240.0,2960.0,5608.0,6708.0,1414.0,3410.0,6128.0,7148.0,6328.0,7444.0,8176.0,8672.0,2568.0,4232.0,6068.0,6420.0,2019-06-22 19:49:09,2019-06-22 20:22:51
2.0,82.28016840703152,-58.497367538066975,1288.0,2754.0,5444.0,6592.0,-0.977634710197268,0.2311051925286172,1220.0,2680.0,5444.0,6776.0,1458.0,3304.0,6200.0,7284.0,1237.0,2766.0,5472.0,6556.0,3664.0,5256.0,6660.0,7324.0,1240.0,2960.0,5608.0,6708.0,1414.0,3410.0,6128.0,7148.0,6328.0,7444.0,8176.0,8672.0,2568.0,4232.0,6068.0,6420.0,2019-06-22 19:49:09,2019-06-22 20:22:51
2.0,82.28016840703152,-58.497367538066975,1288.0,2754.0,5444.0,6592.0,-0.9830996380290375,0.2313708296026428,1220.0,2680.0,5444.0,6776.0,1458.0,3304.0,6200.0,7284.0,1237.0,2766.0,5472.0,6556.0,3664.0,5256.0,6660.0,7324.0,1240.0,2960.0,5608.0,6708.0,1414.0,3410.0,6128.0,7148.0,6328.0,7444.0,8176.0,8672.0,2568.0,4232.0,6068.0,6420.0,2019-06-22 19:49:09,2019-06-22 20:22:51
2.0,82.28016840703152,-58.497367538066975,1288.0,2754.0,5444.0,6592.0,-0.988564565860807,0.2316364666766684,1220.0,2680.0,5444.0,6776.0,1458.0,3304.0,6200.0,7284.0,1237.0,2766.0,5472.0,6556.0,3664.0,5256.0,6660.0,7324.0,1240.0,2960.0,5608.0,6708.0,1414.0,3410.0,6128.0,7148.0,6328.0,7444.0,8176.0,8672.0,2568.0,4232.0,6068.0,6420.0,2019-06-22 19:49:09,2019-06-22 20:22:51
2.0,82.28016840703152,-58.497367538066975,1288.0,2754.0,5444.0,6592.0,-1.0614924784436868,0.2329603807469408,1220.0,2680.0,5444.0,6776.0,1458.0,3304.0,6200.0,7284.0,1237.0,2766.0,5472.0,6556.0,3664.0,5256.0,6660.0,7324.0,1240.0,2960.0,5608.0,6708.0,1414.0,3410.0,6128.0,7148.0,6328.0,7444.0,8176.0,8672.0,2568.0,4232.0,6068.0,6420.0,2019-06-22 19:49:09,2019-06-22 20:22:51
2.0,82.280079100992,-58.49741941063699,1237.0,2766.0,5472.0,6556.0,-1.1344203910265664,0.2342842948172132,1240.0,2960.0,5608.0,6708.0,1414.0,3410.0,6128.0,7148.0,1286.0,2676.0,5120.0,6260.0,1288.0,2754.0,5444.0,6592.0,1272.0,2740.0,5196.0,6184.0,1398.0,2986.0,5716.0,6444.0,1220.0,2680.0,5444.0,6776.0,1458.0,3304.0,6200.0,7284.0,2019-06-22 19:49:09,2019-06-22 20:22:51
2.0,82.280079100992,-58.49741941063699,1237.0,2766.0,5472.0,6556.0,-1.2898629307766118,0.2331765202943057,1240.0,2960.0,5608.0,6708.0,1414.0,3410.0,6128.0,7148.0,1286.0,2676.0,5120.0,6260.0,1288.0,2754.0,5444.0,6592.0,1272.0,2740.0,5196.0,6184.0,1398.0,2986.0,5716.0,6444.0,1220.0,2680.0,5444.0,6776.0,1458.0,3304.0,6200.0,7284.0,2019-06-22 19:49:09,2019-06-22 20:22:51
2.0,82.280079100992,-58.49741941063699,1237.0,2766.0,5472.0,6556.0,-1.4453054705266573,0.2320687457713983,1240.0,2960.0,5608.0,6708.0,1414.0,3410.0,6128.0,7148.0,1286.0,2676.0,5120.0,6260.0,1288.0,2754.0,5444.0,6592.0,1272.0,2740.0,5196.0,6184.0,1398.0,2986.0,5716.0,6444.0,1220.0,2680.0,5444.0,6776.0,1458.0,3304.0,6200.0,7284.0,2019-06-22 19:49:09,2019-06-22 20:22:51
2.0,82.280079100992,-58.49741941063699,1237.0,2766.0,5472.0,6556.0,-1.468010560602507,0.2217285440579424,1240.0,2960.0,5608.0,6708.0,1414.0,3410.0,6128.0,7148.0,1286.0,2676.0,5120.0,6260.0,1288.0,2754.0,5444.0,6592.0,1272.0,2740.0,5196.0,6184.0,1398.0,2986.0,5716.0,6444.0,1220.0,2680.0,5444.0,6776.0,1458.0,3304.0,6200.0,7284.0,2019-06-22 19:49:09,2019-06-22 20:22:51
2.0,82.2799897949458,-58.49747128200332,1286.0,2676.0,5120.0,6260.0,-1.490715650678356,0.2113883423444865,1272.0,2740.0,5196.0,6184.0,1398.0,2986.0,5716.0,6444.0,1394.0,2826.0,5232.0,6108.0,1237.0,2766.0,5472.0,6556.0,2566.0,3702.0,5704.0,6280.0,1319.0,3030.0,5444.0,6336.0,1240.0,2960.0,5608.0,6708.0,1414.0,3410.0,6128.0,7148.0,2019-06-22 19:49:09,2019-06-22 20:22:51
2.0,82.2799897949458,-58.49747128200332,1286.0,2676.0,5120.0,6260.0,-1.4710467732226356,0.222574556650047,1272.0,2740.0,5196.0,6184.0,1398.0,2986.0,5716.0,6444.0,1394.0,2826.0,5232.0,6108.0,1237.0,2766.0,5472.0,6556.0,2566.0,3702.0,5704.0,6280.0,1319.0,3030.0,5444.0,6336.0,1240.0,2960.0,5608.0,6708.0,1414.0,3410.0,6128.0,7148.0,2019-06-22 19:49:09,2019-06-22 20:22:51
2.0,82.2799897949458,-58.49747128200332,1286.0,2676.0,5120.0,6260.0,-1.451377895766915,0.2337607709556074,1272.0,2740.0,5196.0,6184.0,1398.0,2986.0,5716.0,6444.0,1394.0,2826.0,5232.0,6108.0,1237.0,2766.0,5472.0,6556.0,2566.0,3702.0,5704.0,6280.0,1319.0,3030.0,5444.0,6336.0,1240.0,2960.0,5608.0,6708.0,1414.0,3410.0,6128.0,7148.0,2019-06-22 19:49:09,2019-06-22 20:22:51
2.0,82.2799897949458,-58.49747128200332,1286.0,2676.0,5120.0,6260.0,-1.4234652607727094,0.2331244218962929,1272.0,2740.0,5196.0,6184.0,1398.0,2986.0,5716.0,6444.0,1394.0,2826.0,5232.0,6108.0,1237.0,2766.0,5472.0,6556.0,2566.0,3702.0,5704.0,6280.0,1319.0,3030.0,5444.0,6336.0,1240.0,2960.0,5608.0,6708.0,1414.0,3410.0,6128.0,7148.0,2019-06-22 19:49:09,2019-06-22 20:22:51
2.0,82.27990048889284,-58.49752315216601,1394.0,2826.0,5232.0,6108.0,-1.395552625778504,0.2324880728369783,2566.0,3702.0,5704.0,6280.0,1319.0,3030.0,5444.0,6336.0,1824.0,3254.0,5592.0,6248.0,1286.0,2676.0,5120.0,6260.0,5308.0,6392.0,7320.0,7748.0,1487.0,3370.0,5668.0,6508.0,1272.0,2740.0,5196.0,6184.0,1398.0,2986.0,5716.0,6444.0,2019-06-22 19:49:09,2019-06-22 20:22:51
2.0,82.27990048889284,-58.49752315216601,1394.0,2826.0,5232.0,6108.0,-0.9646476539585151,0.2302569133167873,2566.0,3702.0,5704.0,6280.0,1319.0,3030.0,5444.0,6336.0,1824.0,3254.0,5592.0,6248.0,1286.0,2676.0,5120.0,6260.0,5308.0,6392.0,7320.0,7748.0,1487.0,3370.0,5668.0,6508.0,1272.0,2740.0,5196.0,6184.0,1398.0,2986.0,5716.0,6444.0,2019-06-22 19:49:09,2019-06-22 20:22:51
2.0,82.27990048889284,-58.49752315216601,1394.0,2826.0,5232.0,6108.0,-0.5337426821385264,0.2280257537965963,2566.0,3702.0,5704.0,6280.0,1319.0,3030.0,5444.0,6336.0,1824.0,3254.0,5592.0,6248.0,1286.0,2676.0,5120.0,6260.0,5308.0,6392.0,7320.0,7748.0,1487.0,3370.0,5668.0,6508.0,1272.0,2740.0,5196.0,6184.0,1398.0,2986.0,5716.0,6444.0,2019-06-22 19:49:09,2019-06-22 20:22:51
2.0,82.27990048889284,-58.49752315216601,1394.0,2826.0,5232.0,6108.0,-0.55029763334331,0.2428678821106199,2566.0,3702.0,5704.0,6280.0,1319.0,3030.0,5444.0,6336.0,1824.0,3254.0,5592.0,6248.0,1286.0,2676.0,5120.0,6260.0,5308.0,6392.0,7320.0,7748.0,1487.0,3370.0,5668.0,6508.0,1272.0,2740.0,5196.0,6184.0,1398.0,2986.0,5716.0,6444.0,2019-06-22 19:49:09,2019-06-22 20:22:51
4.0,82.31095712089902,-58.21603088244431,5784.0,6904.0,7900.0,8672.0,-0.4699087034045962,0.2256768657559296,5480.0,6504.0,7932.0,8408.0,6292.0,6936.0,8064.0,8528.0,2382.0,3828.0,5876.0,6684.0,7496.0,8632.0,8928.0,9264.0,2494.0,4002.0,6396.0,7248.0,3786.0,5252.0,6780.0,7344.0,7248.0,8296.0,8808.0,9224.0,7528.0,8408.0,8992.0,9160.0,2019-06-22 19:49:09,2019-06-22 20:22:51
4.0,82.31095712089902,-58.21603088244431,5784.0,6904.0,7900.0,8672.0,-0.4812023599779205,0.2267870830542319,5480.0,6504.0,7932.0,8408.0,6292.0,6936.0,8064.0,8528.0,2382.0,3828.0,5876.0,6684.0,7496.0,8632.0,8928.0,9264.0,2494.0,4002.0,6396.0,7248.0,3786.0,5252.0,6780.0,7344.0,7248.0,8296.0,8808.0,9224.0,7528.0,8408.0,8992.0,9160.0,2019-06-22 19:49:09,2019-06-22 20:22:51
4.0,82.31095712089902,-58.21603088244431,5784.0,6904.0,7900.0,8672.0,-0.4897861642991564,0.2275235530109229,5480.0,6504.0,7932.0,8408.0,6292.0,6936.0,8064.0,8528.0,2382.0,3828.0,5876.0,6684.0,7496.0,8632.0,8928.0,9264.0,2494.0,4002.0,6396.0,7248.0,3786.0,5252.0,6780.0,7344.0,7248.0,8296.0,8808.0,9224.0,7528.0,8408.0,8992.0,9160.0,2019-06-22 19:49:09,2019-06-22 20:22:51
4.0,82.31095712089902,-58.21603088244431,5784.0,6904.0,7900.0,8672.0,-0.4983699686203923,0.228260022967614,5480.0,6504.0,7932.0,8408.0,6292.0,6936.0,8064.0,8528.0,2382.0,3828.0,5876.0,6684.0,7496.0,8632.0,8928.0,9264.0,2494.0,4002.0,6396.0,7248.0,3786.0,5252.0,6780.0,7344.0,7248.0,8296.0,8808.0,9224.0,7528.0,8408.0,8992.0,9160.0,2019-06-22 19:49:09,2019-06-22 20:22:51
4.0,82.31086785059344,-58.21608621216199,2382.0,3828.0,5876.0,6684.0,-0.5544423522316685,0.2301000079060797,2494.0,4002.0,6396.0,7248.0,3786.0,5252.0,6780.0,7344.0,1414.0,2810.0,4944.0,5832.0,5784.0,6904.0,7900.0,8672.0,1461.0,3096.0,5492.0,6332.0,2216.0,3482.0,5596.0,6492.0,5480.0,6504.0,7932.0,8408.0,6292.0,6936.0,8064.0,8528.0,2019-06-22 19:49:09,2019-06-22 20:22:51
4.0,82.31086785059344,-58.21608621216199,2382.0,3828.0,5876.0,6684.0,-0.6105147358429447,0.2319399928445454,2494.0,4002.0,6396.0,7248.0,3786.0,5252.0,6780.0,7344.0,1414.0,2810.0,4944.0,5832.0,5784.0,6904.0,7900.0,8672.0,1461.0,3096.0,5492.0,6332.0,2216.0,3482.0,5596.0,6492.0,5480.0,6504.0,7932.0,8408.0,6292.0,6936.0,8064.0,8528.0,2019-06-22 19:49:09,2019-06-22 20:22:51
4.0,82.31086785059344,-58.21608621216199,2382.0,3828.0,5876.0,6684.0,-0.7381277468203318,0.2140156644303948,2494.0,4002.0,6396.0,7248.0,3786.0,5252.0,6780.0,7344.0,1414.0,2810.0,4944.0,5832.0,5784.0,6904.0,7900.0,8672.0,1461.0,3096.0,5492.0,6332.0,2216.0,3482.0,5596.0,6492.0,5480.0,6504.0,7932.0,8408.0,6292.0,6936.0,8064.0,8528.0,2019-06-22 19:49:09,2019-06-22 20:22:51
4.0,82.31086785059344,-58.21608621216199,2382.0,3828.0,5876.0,6684.0,-0.8657407577977188,0.1960913360162443,2494.0,4002.0,6396.0,7248.0,3786.0,5252.0,6780.0,7344.0,1414.0,2810.0,4944.0,5832.0,5784.0,6904.0,7900.0,8672.0,1461.0,3096.0,5492.0,6332.0,2216.0,3482.0,5596.0,6492.0,5480.0,6504.0,7932.0,8408.0,6292.0,6936.0,8064.0,8528.0,2019-06-22 19:49:09,2019-06-22 20:22:51
4.0,82.31077858028029,-58.21614154059117,1414.0,2810.0,4944.0,5832.0,-0.8850760624912624,0.2015122683565393,1461.0,3096.0,5492.0,6332.0,2216.0,3482.0,5596.0,6492.0,1222.0,2634.0,4724.0,5372.0,2382.0,3828.0,5876.0,6684.0,1284.0,2584.0,4932.0,5784.0,1483.0,2714.0,5080.0,6060.0,2494.0,4002.0,6396.0,7248.0,3786.0,5252.0,6780.0,7344.0,2019-06-22 19:49:09,2019-06-22 20:22:51
4.0,82.31077858028029,-58.21614154059117,1414.0,2810.0,4944.0,5832.0,-0.904411367184806,0.2069332006968342,1461.0,3096.0,5492.0,6332.0,2216.0,3482.0,5596.0,6492.0,1222.0,2634.0,4724.0,5372.0,2382.0,3828.0,5876.0,6684.0,1284.0,2584.0,4932.0,5784.0,1483.0,2714.0,5080.0,6060.0,2494.0,4002.0,6396.0,7248.0,3786.0,5252.0,6780.0,7344.0,2019-06-22 19:49:09,2019-06-22 20:22:51
4.0,82.31077858028029,-58.21614154059117,1414.0,2810.0,4944.0,5832.0,-1.019893286141935,0.2280156048490027,1461.0,3096.0,5492.0,6332.0,2216.0,3482.0,5596.0,6492.0,1222.0,2634.0,4724.0,5372.0,2382.0,3828.0,5876.0,6684.0,1284.0,2584.0,4932.0,5784.0,1483.0,2714.0,5080.0,6060.0,2494.0,4002.0,6396.0,7248.0,3786.0,5252.0,6780.0,7344.0,2019-06-22 19:49:09,2019-06-22 20:22:51
4.0,82.31077858028029,-58.21614154059117,1414.0,2810.0,4944.0,5832.0,-1.135375205099064,0.2490980090011711,1461.0,3096.0,5492.0,6332.0,2216.0,3482.0,5596.0,6492.0,1222.0,2634.0,4724.0,5372.0,2382.0,3828.0,5876.0,6684.0,1284.0,2584.0,4932.0,5784.0,1483.0,2714.0,5080.0,6060.0,2494.0,4002.0,6396.0,7248.0,3786.0,5252.0,6780.0,7344.0,2019-06-22 19:49:09,2019-06-22 20:22:51
4.0,82.3106893099595,-58.21619686773192,1222.0,2634.0,4724.0,5372.0,-1.1435364816817852,0.2366602869746188,1284.0,2584.0,4932.0,5784.0,1483.0,2714.0,5080.0,6060.0,1228.0,2290.0,4524.0,5408.0,1414.0,2810.0,4944.0,5832.0,1261.0,2312.0,4508.0,5552.0,1290.0,2500.0,5008.0,6004.0,1461.0,3096.0,5492.0,6332.0,2216.0,3482.0,5596.0,6492.0,2019-06-22 19:49:09,2019-06-22 20:22:51
4.0,82.3106893099595,-58.21619686773192,1222.0,2634.0,4724.0,5372.0,-1.1516977582645065,0.2242225649480665,1284.0,2584.0,4932.0,5784.0,1483.0,2714.0,5080.0,6060.0,1228.0,2290.0,4524.0,5408.0,1414.0,2810.0,4944.0,5832.0,1261.0,2312.0,4508.0,5552.0,1290.0,2500.0,5008.0,6004.0,1461.0,3096.0,5492.0,6332.0,2216.0,3482.0,5596.0,6492.0,2019-06-22 19:49:09,2019-06-22 20:22:51
4.0,82.3106893099595,-58.21619686773192,1222.0,2634.0,4724.0,5372.0,-1.162746569716553,0.2350649663173177,1284.0,2584.0,4932.0,5784.0,1483.0,2714.0,5080.0,6060.0,1228.0,2290.0,4524.0,5408.0,1414.0,2810.0,4944.0,5832.0,1261.0,2312.0,4508.0,5552.0,1290.0,2500.0,5008.0,6004.0,1461.0,3096.0,5492.0,6332.0,2216.0,3482.0,5596.0,6492.0,2019-06-22 19:49:09,2019-06-22 20:22:51
4.0,82.31069671293847,-58.2168639737871,1284.0,2584.0,4932.0,5784.0,-1.1737953811685995,0.2459073676865689,1236.0,2730.0,5276.0,6272.0,1222.0,2634.0,4724.0,5372.0,1261.0,2312.0,4508.0,5552.0,1461.0,3096.0,5492.0,6332.0,1196.0,2512.0,5008.0,6096.0,1228.0,2290.0,4524.0,5408.0,1365.0,3366.0,5628.0,6624.0,1414.0,2810.0,4944.0,5832.0,2019-06-22 19:49:09,2019-06-22 20:22:51
4.0,82.31069671293847,-58.2168639737871,1284.0,2584.0,4932.0,5784.0,-1.1995759412233755,0.2602854022728547,1236.0,2730.0,5276.0,6272.0,1222.0,2634.0,4724.0,5372.0,1261.0,2312.0,4508.0,5552.0,1461.0,3096.0,5492.0,6332.0,1196.0,2512.0,5008.0,6096.0,1228.0,2290.0,4524.0,5408.0,1365.0,3366.0,5628.0,6624.0,1414.0,2810.0,4944.0,5832.0,2019-06-22 19:49:09,2019-06-22 20:22:51
4.0,82.31060744252319,-58.216919291995985,1261.0,2312.0,4508.0,5552.0,-1.225356501278151,0.2746634368591404,1196.0,2512.0,5008.0,6096.0,1228.0,2290.0,4524.0,5408.0,1204.0,2052.0,4304.0,5232.0,1284.0,2584.0,4932.0,5784.0,1186.0,2330.0,4808.0,5952.0,1269.0,2138.0,4284.0,5376.0,1236.0,2730.0,5276.0,6272.0,1222.0,2634.0,4724.0,5372.0,2019-06-22 19:49:09,2019-06-22 20:22:51
4.0,82.31060744252319,-58.216919291995985,1261.0,2312.0,4508.0,5552.0,-1.226746153172567,0.2701395981306887,1196.0,2512.0,5008.0,6096.0,1228.0,2290.0,4524.0,5408.0,1204.0,2052.0,4304.0,5232.0,1284.0,2584.0,4932.0,5784.0,1186.0,2330.0,4808.0,5952.0,1269.0,2138.0,4284.0,5376.0,1236.0,2730.0,5276.0,6272.0,1222.0,2634.0,4724.0,5372.0,2019-06-22 19:49:09,2019-06-22 20:22:51
4.0,82.31060744252319,-58.216919291995985,1261.0,2312.0,4508.0,5552.0,-1.2281358050669828,0.265615759402237,1196.0,2512.0,5008.0,6096.0,1228.0,2290.0,4524.0,5408.0,1204.0,2052.0,4304.0,5232.0,1284.0,2584.0,4932.0,5784.0,1186.0,2330.0,4808.0,5952.0,1269.0,2138.0,4284.0,5376.0,1236.0,2730.0,5276.0,6272.0,1222.0,2634.0,4724.0,5372.0,2019-06-22 19:49:09,2019-06-22 20:22:51
4.0,82.31051817210033,-58.21697460891672,1204.0,2052.0,4304.0,5232.0,-1.247472990783975,0.2473474430792059,1186.0,2330.0,4808.0,5952.0,1269.0,2138.0,4284.0,5376.0,1187.0,1973.0,4268.0,5244.0,1261.0,2312.0,4508.0,5552.0,1177.0,2112.0,4484.0,5644.0,1233.0,2096.0,4328.0,5332.0,1196.0,2512.0,5008.0,6096.0,1228.0,2290.0,4524.0,5408.0,2019-06-22 19:49:09,2019-06-22 20:22:51
4.0,82.31051817210033,-58.21697460891672,1204.0,2052.0,4304.0,5232.0,-1.2668101765009672,0.2290791267561749,1186.0,2330.0,4808.0,5952.0,1269.0,2138.0,4284.0,5376.0,1187.0,1973.0,4268.0,5244.0,1261.0,2312.0,4508.0,5552.0,1177.0,2112.0,4484.0,5644.0,1233.0,2096.0,4328.0,5332.0,1196.0,2512.0,5008.0,6096.0,1228.0,2290.0,4524.0,5408.0,2019-06-22 19:49:09,2019-06-22 20:22:51
4.0,82.31051817210033,-58.21697460891672,1204.0,2052.0,4304.0,5232.0,-1.314022570855553,0.2087852696987497,1186.0,2330.0,4808.0,5952.0,1269.0,2138.0,4284.0,5376.0,1187.0,1973.0,4268.0,5244.0,1261.0,2312.0,4508.0,5552.0,1177.0,2112.0,4484.0,5644.0,1233.0,2096.0,4328.0,5332.0,1196.0,2512.0,5008.0,6096.0,1228.0,2290.0,4524.0,5408.0,2019-06-22 19:49:09,2019-06-22 20:22:51
4.0,82.31051817210033,-58.21697460891672,1204.0,2052.0,4304.0,5232.0,-1.3612349652101392,0.1884914126413246,1186.0,2330.0,4808.0,5952.0,1269.0,2138.0,4284.0,5376.0,1187.0,1973.0,4268.0,5244.0,1261.0,2312.0,4508.0,5552.0,1177.0,2112.0,4484.0,5644.0,1233.0,2096.0,4328.0,5332.0,1196.0,2512.0,5008.0,6096.0,1228.0,2290.0,4524.0,5408.0,2019-06-22 19:49:09,2019-06-22 20:22:51
4.0,82.31051817210033,-58.21697460891672,1204.0,2052.0,4304.0,5232.0,-1.2426112939949472,0.1970565138800654,1186.0,2330.0,4808.0,5952.0,1269.0,2138.0,4284.0,5376.0,1187.0,1973.0,4268.0,5244.0,1261.0,2312.0,4508.0,5552.0,1177.0,2112.0,4484.0,5644.0,1233.0,2096.0,4328.0,5332.0,1196.0,2512.0,5008.0,6096.0,1228.0,2290.0,4524.0,5408.0,2019-06-22 19:49:09,2019-06-22 20:22:51
4.0,82.3104289016699,-58.21702992454928,1187.0,1973.0,4268.0,5244.0,-1.1239876227797554,0.2056216151188062,1177.0,2112.0,4484.0,5644.0,1233.0,2096.0,4328.0,5332.0,1188.0,2136.0,4628.0,5660.0,1204.0,2052.0,4304.0,5232.0,1168.0,2142.0,4684.0,5840.0,1197.0,2114.0,4488.0,5624.0,1186.0,2330.0,4808.0,5952.0,1269.0,2138.0,4284.0,5376.0,2019-06-22 19:49:09,2019-06-22 20:22:51
4.0,82.3104289016699,-58.21702992454928,1187.0,1973.0,4268.0,5244.0,-1.0586186732910583,0.2248235847560933,1177.0,2112.0,4484.0,5644.0,1233.0,2096.0,4328.0,5332.0,1188.0,2136.0,4628.0,5660.0,1204.0,2052.0,4304.0,5232.0,1168.0,2142.0,4684.0,5840.0,1197.0,2114.0,4488.0,5624.0,1186.0,2330.0,4808.0,5952.0,1269.0,2138.0,4284.0,5376.0,2019-06-22 19:49:09,2019-06-22 20:22:51
4.0,82.3104289016699,-58.21702992454928,1187.0,1973.0,4268.0,5244.0,-0.9932497238023612,0.2440255543933803,1177.0,2112.0,4484.0,5644.0,1233.0,2096.0,4328.0,5332.0,1188.0,2136.0,4628.0,5660.0,1204.0,2052.0,4304.0,5232.0,1168.0,2142.0,4684.0,5840.0,1197.0,2114.0,4488.0,5624.0,1186.0,2330.0,4808.0,5952.0,1269.0,2138.0,4284.0,5376.0,2019-06-22 19:49:09,2019-06-22 20:22:51
4.0,82.3104289016699,-58.21702992454928,1187.0,1973.0,4268.0,5244.0,-0.9336006575344395,0.2286318375323547,1177.0,2112.0,4484.0,5644.0,1233.0,2096.0,4328.0,5332.0,1188.0,2136.0,4628.0,5660.0,1204.0,2052.0,4304.0,5232.0,1168.0,2142.0,4684.0,5840.0,1197.0,2114.0,4488.0,5624.0,1186.0,2330.0,4808.0,5952.0,1269.0,2138.0,4284.0,5376.0,2019-06-22 19:49:09,2019-06-22 20:22:51
4.0,82.31033963123187,-58.217085238893745,1188.0,2136.0,4628.0,5660.0,-0.8739515912665178,0.213238120671329,1168.0,2142.0,4684.0,5840.0,1197.0,2114.0,4488.0,5624.0,1220.0,2428.0,5164.0,6264.0,1187.0,1973.0,4268.0,5244.0,1210.0,2578.0,5312.0,6244.0,1193.0,2290.0,4952.0,6160.0,1177.0,2112.0,4484.0,5644.0,1233.0,2096.0,4328.0,5332.0,2019-06-22 19:49:09,2019-06-22 20:22:51
4.0,82.31033963123187,-58.217085238893745,1188.0,2136.0,4628.0,5660.0,-0.825847505566581,0.2088108123637828,1168.0,2142.0,4684.0,5840.0,1197.0,2114.0,4488.0,5624.0,1220.0,2428.0,5164.0,6264.0,1187.0,1973.0,4268.0,5244.0,1210.0,2578.0,5312.0,6244.0,1193.0,2290.0,4952.0,6160.0,1177.0,2112.0,4484.0,5644.0,1233.0,2096.0,4328.0,5332.0,2019-06-22 19:49:09,2019-06-22 20:22:51
4.0,82.31033963123187,-58.217085238893745,1188.0,2136.0,4628.0,5660.0,-0.7777434198666442,0.2043835040562366,1168.0,2142.0,4684.0,5840.0,1197.0,2114.0,4488.0,5624.0,1220.0,2428.0,5164.0,6264.0,1187.0,1973.0,4268.0,5244.0,1210.0,2578.0,5312.0,6244.0,1193.0,2290.0,4952.0,6160.0,1177.0,2112.0,4484.0,5644.0,1233.0,2096.0,4328.0,5332.0,2019-06-22 19:49:09,2019-06-22 20:22:51
4.0,82.31033963123187,-58.217085238893745,1188.0,2136.0,4628.0,5660.0,-0.7373359878786971,0.218659089636111,1168.0,2142.0,4684.0,5840.0,1197.0,2114.0,4488.0,5624.0,1220.0,2428.0,5164.0,6264.0,1187.0,1973.0,4268.0,5244.0,1210.0,2578.0,5312.0,6244.0,1193.0,2290.0,4952.0,6160.0,1177.0,2112.0,4484.0,5644.0,1233.0,2096.0,4328.0,5332.0,2019-06-22 19:49:09,2019-06-22 20:22:51
4.0,82.31025036078624,-58.21714055195018,1220.0,2428.0,5164.0,6264.0,-0.6969285558907501,0.2329346752159853,1210.0,2578.0,5312.0,6244.0,1193.0,2290.0,4952.0,6160.0,1284.0,2544.0,5332.0,6424.0,1188.0,2136.0,4628.0,5660.0,1391.0,2848.0,5508.0,6440.0,1213.0,2504.0,5356.0,6480.0,1168.0,2142.0,4684.0,5840.0,1197.0,2114.0,4488.0,5624.0,2019-06-22 19:49:09,2019-06-22 20:22:51
4.0,82.31025036078624,-58.21714055195018,1220.0,2428.0,5164.0,6264.0,-0.671914431326783,0.2337339185375591,1210.0,2578.0,5312.0,6244.0,1193.0,2290.0,4952.0,6160.0,1284.0,2544.0,5332.0,6424.0,1188.0,2136.0,4628.0,5660.0,1391.0,2848.0,5508.0,6440.0,1213.0,2504.0,5356.0,6480.0,1168.0,2142.0,4684.0,5840.0,1197.0,2114.0,4488.0,5624.0,2019-06-22 19:49:09,2019-06-22 20:22:51
4.0,82.31025036078624,-58.21714055195018,1220.0,2428.0,5164.0,6264.0,-0.6469003067628158,0.2345331618591329,1210.0,2578.0,5312.0,6244.0,1193.0,2290.0,4952.0,6160.0,1284.0,2544.0,5332.0,6424.0,1188.0,2136.0,4628.0,5660.0,1391.0,2848.0,5508.0,6440.0,1213.0,2504.0,5356.0,6480.0,1168.0,2142.0,4684.0,5840.0,1197.0,2114.0,4488.0,5624.0,2019-06-22 19:49:09,2019-06-22 20:22:51
4.0,82.31025776230078,-58.2178076210778,1210.0,2578.0,5312.0,6244.0,-0.5952445990587847,0.2215977518542088,1223.0,2798.0,5436.0,6484.0,1220.0,2428.0,5164.0,6264.0,1391.0,2848.0,5508.0,6440.0,1168.0,2142.0,4684.0,5840.0,1316.0,3268.0,5696.0,6788.0,1284.0,2544.0,5332.0,6424.0,1213.0,2412.0,4836.0,5932.0,1188.0,2136.0,4628.0,5660.0,2019-06-22 19:49:09,2019-06-22 20:22:51
4.0,82.31016849176066,-58.2178629252036,1391.0,2848.0,5508.0,6440.0,-0.5435888913547534,0.2086623418492848,1316.0,3268.0,5696.0,6788.0,1284.0,2544.0,5332.0,6424.0,1690.0,3438.0,5796.0,6712.0,1210.0,2578.0,5312.0,6244.0,1540.0,3762.0,5920.0,7144.0,1378.0,2848.0,5384.0,6328.0,1223.0,2798.0,5436.0,6484.0,1220.0,2428.0,5164.0,6264.0,2019-06-22 19:49:09,2019-06-22 20:22:51
4.0,82.31016849176066,-58.2178629252036,1391.0,2848.0,5508.0,6440.0,-0.540807769255698,0.2027195829648607,1316.0,3268.0,5696.0,6788.0,1284.0,2544.0,5332.0,6424.0,1690.0,3438.0,5796.0,6712.0,1210.0,2578.0,5312.0,6244.0,1540.0,3762.0,5920.0,7144.0,1378.0,2848.0,5384.0,6328.0,1223.0,2798.0,5436.0,6484.0,1220.0,2428.0,5164.0,6264.0,2019-06-22 19:49:09,2019-06-22 20:22:51
4.0,82.31016849176066,-58.2178629252036,1391.0,2848.0,5508.0,6440.0,-0.5380266471566425,0.1967768240804366,1316.0,3268.0,5696.0,6788.0,1284.0,2544.0,5332.0,6424.0,1690.0,3438.0,5796.0,6712.0,1210.0,2578.0,5312.0,6244.0,1540.0,3762.0,5920.0,7144.0,1378.0,2848.0,5384.0,6328.0,1223.0,2798.0,5436.0,6484.0,1220.0,2428.0,5164.0,6264.0,2019-06-22 19:49:09,2019-06-22 20:22:51
4.0,82.31016849176066,-58.2178629252036,1391.0,2848.0,5508.0,6440.0,-0.5398057754269727,0.2038541274763802,1316.0,3268.0,5696.0,6788.0,1284.0,2544.0,5332.0,6424.0,1690.0,3438.0,5796.0,6712.0,1210.0,2578.0,5312.0,6244.0,1540.0,3762.0,5920.0,7144.0,1378.0,2848.0,5384.0,6328.0,1223.0,2798.0,5436.0,6484.0,1220.0,2428.0,5164.0,6264.0,2019-06-22 19:49:09,2019-06-22 20:22:51
4.0,82.31007922121302,-58.217918228041604,1690.0,3438.0,5796.0,6712.0,-0.5415849036973029,0.2109314308723238,1540.0,3762.0,5920.0,7144.0,1378.0,2848.0,5384.0,6328.0,3310.0,5176.0,7060.0,7812.0,1391.0,2848.0,5508.0,6440.0,4416.0,5892.0,7372.0,7896.0,1954.0,3754.0,6048.0,6932.0,1316.0,3268.0,5696.0,6788.0,1284.0,2544.0,5332.0,6424.0,2019-06-22 19:49:09,2019-06-22 20:22:51
4.0,82.31007922121302,-58.217918228041604,1690.0,3438.0,5796.0,6712.0,-0.5269190984236621,0.2166074328125014,1540.0,3762.0,5920.0,7144.0,1378.0,2848.0,5384.0,6328.0,3310.0,5176.0,7060.0,7812.0,1391.0,2848.0,5508.0,6440.0,4416.0,5892.0,7372.0,7896.0,1954.0,3754.0,6048.0,6932.0,1316.0,3268.0,5696.0,6788.0,1284.0,2544.0,5332.0,6424.0,2019-06-22 19:49:09,2019-06-22 20:22:51
4.0,82.31007922121302,-58.217918228041604,1690.0,3438.0,5796.0,6712.0,-0.5122532931500213,0.222283434752679,1540.0,3762.0,5920.0,7144.0,1378.0,2848.0,5384.0,6328.0,3310.0,5176.0,7060.0,7812.0,1391.0,2848.0,5508.0,6440.0,4416.0,5892.0,7372.0,7896.0,1954.0,3754.0,6048.0,6932.0,1316.0,3268.0,5696.0,6788.0,1284.0,2544.0,5332.0,6424.0,2019-06-22 19:49:09,2019-06-22 20:22:51
4.0,82.31007922121302,-58.217918228041604,1690.0,3438.0,5796.0,6712.0,-0.5551129335448342,0.1900515243244642,1540.0,3762.0,5920.0,7144.0,1378.0,2848.0,5384.0,6328.0,3310.0,5176.0,7060.0,7812.0,1391.0,2848.0,5508.0,6440.0,4416.0,5892.0,7372.0,7896.0,1954.0,3754.0,6048.0,6932.0,1316.0,3268.0,5696.0,6788.0,1284.0,2544.0,5332.0,6424.0,2019-06-22 19:49:09,2019-06-22 20:22:51
4.0,82.30998995065771,-58.217973529591916,3310.0,5176.0,7060.0,7812.0,-0.5979725739396469,0.1578196138962494,4416.0,5892.0,7372.0,7896.0,1954.0,3754.0,6048.0,6932.0,4788.0,6448.0,7952.0,8656.0,1690.0,3438.0,5796.0,6712.0,6044.0,7520.0,8440.0,8816.0,2428.0,4328.0,6420.0,7324.0,1540.0,3762.0,5920.0,7144.0,1378.0,2848.0,5384.0,6328.0,2019-06-22 19:49:09,2019-06-22 20:22:51
4.0,82.30998995065771,-58.217973529591916,3310.0,5176.0,7060.0,7812.0,-0.5901036309477456,0.133889078496001,4416.0,5892.0,7372.0,7896.0,1954.0,3754.0,6048.0,6932.0,4788.0,6448.0,7952.0,8656.0,1690.0,3438.0,5796.0,6712.0,6044.0,7520.0,8440.0,8816.0,2428.0,4328.0,6420.0,7324.0,1540.0,3762.0,5920.0,7144.0,1378.0,2848.0,5384.0,6328.0,2019-06-22 19:49:09,2019-06-22 20:22:51
4.0,82.30998995065771,-58.217973529591916,3310.0,5176.0,7060.0,7812.0,-0.5822346879558444,0.1099585430957525,4416.0,5892.0,7372.0,7896.0,1954.0,3754.0,6048.0,6932.0,4788.0,6448.0,7952.0,8656.0,1690.0,3438.0,5796.0,6712.0,6044.0,7520.0,8440.0,8816.0,2428.0,4328.0,6420.0,7324.0,1540.0,3762.0,5920.0,7144.0,1378.0,2848.0,5384.0,6328.0,2019-06-22 19:49:09,2019-06-22 20:22:51
4.0,82.30998995065771,-58.217973529591916,3310.0,5176.0,7060.0,7812.0,-0.5470092971349072,0.1651075970504648,4416.0,5892.0,7372.0,7896.0,1954.0,3754.0,6048.0,6932.0,4788.0,6448.0,7952.0,8656.0,1690.0,3438.0,5796.0,6712.0,6044.0,7520.0,8440.0,8816.0,2428.0,4328.0,6420.0,7324.0,1540.0,3762.0,5920.0,7144.0,1378.0,2848.0,5384.0,6328.0,2019-06-22 19:49:09,2019-06-22 20:22:51
4.0,82.30990068009486,-58.21802882985448,4788.0,6448.0,7952.0,8656.0,-0.5117839063139701,0.220256651005177,6044.0,7520.0,8440.0,8816.0,2428.0,4328.0,6420.0,7324.0,6008.0,7256.0,8272.0,8808.0,3310.0,5176.0,7060.0,7812.0,6424.0,7924.0,8520.0,8752.0,3632.0,5024.0,6736.0,7576.0,4416.0,5892.0,7372.0,7896.0,1954.0,3754.0,6048.0,6932.0,2019-06-22 19:49:09,2019-06-22 20:22:51
4.0,82.30990068009486,-58.21802882985448,4788.0,6448.0,7952.0,8656.0,-0.5755359879223948,0.2231150198495351,6044.0,7520.0,8440.0,8816.0,2428.0,4328.0,6420.0,7324.0,6008.0,7256.0,8272.0,8808.0,3310.0,5176.0,7060.0,7812.0,6424.0,7924.0,8520.0,8752.0,3632.0,5024.0,6736.0,7576.0,4416.0,5892.0,7372.0,7896.0,1954.0,3754.0,6048.0,6932.0,2019-06-22 19:49:09,2019-06-22 20:22:51
4.0,82.30990068009486,-58.21802882985448,4788.0,6448.0,7952.0,8656.0,-0.6392880695308195,0.2259733886938931,6044.0,7520.0,8440.0,8816.0,2428.0,4328.0,6420.0,7324.0,6008.0,7256.0,8272.0,8808.0,3310.0,5176.0,7060.0,7812.0,6424.0,7924.0,8520.0,8752.0,3632.0,5024.0,6736.0,7576.0,4416.0,5892.0,7372.0,7896.0,1954.0,3754.0,6048.0,6932.0,2019-06-22 19:49:09,2019-06-22 20:22:51
4.0,82.30990068009486,-58.21802882985448,4788.0,6448.0,7952.0,8656.0,-0.5774678691832558,0.2232959854145875,6044.0,7520.0,8440.0,8816.0,2428.0,4328.0,6420.0,7324.0,6008.0,7256.0,8272.0,8808.0,3310.0,5176.0,7060.0,7812.0,6424.0,7924.0,8520.0,8752.0,3632.0,5024.0,6736.0,7576.0,4416.0,5892.0,7372.0,7896.0,1954.0,3754.0,6048.0,6932.0,2019-06-22 19:49:09,2019-06-22 20:22:51
